_C_2aaa_57578392_1 8c 0 60 0 0 3a253068 0 73697a65 0 6e65745f 
_C_35cb_5799476a_2 84 0 40 0 ffffffff ffffffff ffffffff ffffffff 
_C_5116_579d1bc9_3 8c 0 98 0 0 2530680a 0 25685d3d 0 6174615b 0 666f5f64 0 706669 
_C_59bf_579a7dcf_2 8c 0 238 0 0 3d3d3d3d 0 25683d3d 0 696f6e3a 0 6f636174 0 2040206c 0 78697473 0 6f742065 0 6573206e 0 6120646f 0 3d446174 0 3d3d3d3d 0 3d3d3d3d 0 3a3d3d3d 0 64656c3a 0 655f6d6f 0 736c6176 0 6178695f 0 74625f 
_C_3bd0_579be5a9_1 8c 0 60 0 0 2530680a 0 25685d3d 0 6d656d5b 
_C_3654_579ac6ad_1 94 0 40 0 0 0 0 0 
_C_721_57633e93_2 8c 0 e8 0 0 30363468 0 54413a25 0 4d5f4441 0 68204d45 0 25303332 0 4444523a 0 454d5f41 0 4d 
_C_4c35_578aaf86_1 8c 0 88 0 0 743a2568 0 795f6e78 0 72656164 0 74206177 0 25 
_C_3620_579be507_1 8c 0 60 0 0 3d253068 0 2530685d 0 6d656d5b 
_C_727a_57620b25_3 8c 0 1f0 0 0 2d3d2d3d 0 2d3d2d3d 0 2d3d2d3d 0 2d3d2d3d 0 2d3d2d3d 0 2d3d2d3d 0 2d3d2d3d 0 2d3d2d3d 0 4c4c2d3d 0 4d204649 0 2d3d4d45 0 2d3d2d3d 0 2d3d2d3d 0 2d3d2d3d 0 2d3d2d3d 0 2d3d 
_C_35cb_5799476a_1 8c 0 118 0 0 6e3a2568 0 6174696f 0 206c6f63 0 20666f72 0 78697473 0 6f742065 0 6573206e 0 6120646f 0 646174 
_C_3cae_57895881_1 8c 0 c8 0 0 613a2568 0 77646174 0 6178695f 0 3a256820 0 61646472 0 78695f77 0 61 
_C_5e0f_5761fe47_1 8c 0 110 0 0 30363468 0 6e3a2025 0 6174696f 0 206c6f63 0 206d656d 0 65642040 0 73746f72 0 36346820 0 2530 
_C_5793_5761fbad_2 8c 0 f0 0 0 20253068 0 696f6e3a 0 6f636174 0 656d206c 0 2040206d 0 6f726564 0 68207374 0 2530 
_C_343e_579be4bf_1 8c 0 38 0 0 9253068 0 253068 
_C_5116_579d1bc9_2 8c 0 10 0 0 7761 
_C_573c_579d1f17_1 8c 0 8 0 0 61 
_C_7eb8_575754a2_1 8c 0 30 0 0 3a253068 0 4441 
_C_6ca9_575770d7_1 84 0 2f20 0 0 0 0 0 0 0 0 0 0 0 0 0 0 0 0 0 0 0 0 0 0 0 0 0 0 0 0 0 0 0 0 0 0 0 0 0 0 0 0 0 0 0 0 0 0 0 0 0 0 0 0 0 0 0 0 0 0 0 0 0 0 0 0 0 0 0 0 0 0 0 0 0 0 0 0 0 0 0 0 0 0 0 0 0 0 0 0 0 0 0 0 0 0 0 0 0 0 0 0 0 0 0 0 0 0 0 0 0 0 0 0 0 0 0 0 0 0 0 0 0 0 0 0 0 0 0 0 0 0 0 0 0 0 0 0 0 0 0 0 0 0 0 0 0 0 0 0 0 0 0 0 0 0 0 0 0 0 0 0 0 0 0 0 0 0 0 0 0 0 0 0 0 0 0 0 0 0 0 0 0 0 0 0 0 0 0 0 0 0 0 0 0 0 0 0 0 0 0 0 0 0 0 0 0 0 0 0 0 0 0 0 0 0 0 0 0 0 0 0 0 0 0 0 0 0 0 0 0 0 0 0 0 0 0 0 0 0 0 0 0 0 0 0 0 0 0 0 0 0 0 0 0 0 0 0 0 0 0 0 0 0 0 0 0 0 0 0 0 0 0 0 0 0 0 0 0 0 0 0 0 0 0 0 0 0 0 0 0 0 0 0 0 0 0 0 0 0 0 0 0 0 0 0 0 0 0 0 0 0 0 0 0 0 0 0 0 0 0 0 0 0 0 0 0 0 0 0 0 0 0 0 0 0 0 0 0 0 0 0 0 0 0 0 0 0 0 0 0 0 0 0 0 0 0 0 0 0 0 0 0 0 0 0 0 0 0 0 0 0 0 0 0 0 0 0 0 0 0 0 0 0 0 0 0 0 0 0 0 0 0 0 0 0 0 0 0 0 0 0 0 0 0 0 0 0 0 0 0 0 0 0 0 0 0 0 0 0 0 0 0 0 0 0 0 0 0 0 0 0 0 0 0 0 0 0 0 0 0 0 0 0 0 0 0 0 0 0 0 0 0 0 0 0 0 0 0 0 0 0 0 0 0 0 0 0 0 0 0 0 0 0 0 0 0 0 0 0 0 0 0 0 0 0 0 0 0 0 0 0 0 0 0 0 0 0 0 0 0 0 0 0 0 0 0 0 0 0 0 0 0 0 0 0 0 0 0 0 0 0 0 0 0 0 0 0 0 0 0 0 0 0 0 0 0 0 0 0 0 0 0 0 0 0 0 0 0 0 0 0 0 0 0 0 0 0 0 0 0 0 0 0 0 0 0 0 0 0 0 0 0 0 0 0 0 0 0 0 0 0 0 0 0 0 0 0 0 0 0 0 0 0 0 0 0 0 0 0 0 0 0 0 0 0 0 0 0 0 0 0 0 0 0 0 0 0 0 0 0 0 0 0 0 0 0 0 0 0 0 0 0 0 0 0 0 0 0 0 0 0 0 0 0 0 0 0 0 0 0 0 0 0 0 0 0 0 0 0 0 0 0 0 0 0 0 0 0 0 0 0 0 0 0 0 0 0 0 0 0 0 0 0 0 0 0 0 0 0 0 0 0 0 0 0 0 0 0 0 0 0 0 0 0 0 0 0 0 0 0 0 0 0 0 0 0 0 0 0 0 0 0 0 0 0 0 0 0 0 0 0 0 0 0 0 0 0 0 0 0 0 0 0 0 0 0 0 0 0 0 0 0 0 0 0 0 
_C_2c62_579be200_1 8c 0 40 0 0 2e747874 0 6d6d6170 
_C_7eb8_575754a2_4 8c 0 70 0 0 3a253068 0 54595045 0 4845525f 0 4554 
_C_538f_578ab3c4_3 8c 0 c8 0 0 743a2568 0 795f6e78 0 72656164 0 79206177 0 73706c61 0 74206469 0 25 
_C_7582_5757511a_1 8c 0 218 0 0 3d2d3d2d 0 3d2d3d2d 0 3d2d3d2d 0 3d2d3d2d 0 3d2d3d2d 0 3d2d3d2d 0 3d2d3d2d 0 4d453d2d 0 20465241 0 524e4554 0 45544845 0 2d3d2d3d 0 2d3d2d3d 0 2d3d2d3d 0 2d3d2d3d 0 2d3d2d3d 0 3d2d3d 
_C_2c62_579be200_2 8c 0 8 0 0 77 
_C_727a_57620b25_5 8c 0 1f0 0 0 2d3d2d3d 0 2d3d2d3d 0 2d3d2d3d 0 2d3d2d3d 0 2d3d2d3d 0 2d3d2d3d 0 2d3d2d3d 0 2d3d2d3d 0 53502d3d 0 4d204449 0 2d3d4d45 0 2d3d2d3d 0 2d3d2d3d 0 2d3d2d3d 0 2d3d2d3d 0 2d3d 
_C_822_57631fba_2 8c 0 178 0 0 30363468 0 723a2025 0 5f616464 0 6c696e6b 0 6d656d5f 0 6e78745f 0 203a3a20 0 30363468 0 6e3a2025 0 6174696f 0 5f6c6f63 0 6d656d 
_C_aae_57632046_1 8c 0 178 0 0 30333268 0 723a2025 0 5f616464 0 6c696e6b 0 6d656d5f 0 6e78745f 0 203a3a20 0 30333268 0 6e3a2025 0 6174696f 0 5f6c6f63 0 6d656d 
_C_4b40_578daa64_1 8c 0 90 0 0 69766564 0 72656365 0 72737020 0 616c6520 0 7374 
_C_822_57631fba_1 8c 0 218 0 0 2d3d2d3d 0 2d3d2d3d 0 2d3d2d3d 0 2d3d2d3d 0 2d3d2d3d 0 2d3d2d3d 0 2d3d2d3d 0 2d3d2d3d 0 53502d3d 0 4b204449 0 204c494e 0 3d4d454d 0 3d2d3d2d 0 3d2d3d2d 0 3d2d3d2d 0 3d2d3d2d 0 2d3d2d 
_C_7fa7_57589209_1 8c 0 180 0 0 3d2d3d2d 0 3d2d3d2d 0 3d2d3d2d 0 3d2d3d2d 0 3d2d3d2d 0 3d2d3d2d 0 3d2d3d2d 0 3d2d3d2d 0 3d2d3d2d 0 3d2d3d2d 0 3d2d3d2d 0 a2d3d2d 
_C_538f_578ab3c4_1 8c 0 c8 0 0 743a2568 0 795f6e78 0 72656164 0 20206177 0 726f6265 0 74207374 0 25 
_C_4d6e_578daab0_1 8c 0 158 0 0 21212121 0 21212121 0 65642021 0 63656976 0 70207265 0 65207273 0 7374616c 0 5445443a 0 41424f52 0 52554e20 0 257420 
_C_251_57575512_1 8c 0 40 0 0 4f41443a 0 5041594c 
_C_5793_5761fbad_1 8c 0 c0 0 0 3a253068 0 64647220 0 20402061 0 70696564 0 6f636375 0 6d656d20 
_C_7b7_579aa0c9_1 8c 0 210 0 0 2b2b2b2b 0 2b2b2b2b 0 722b2b2b 0 6572726f 0 74616c20 0 42204661 0 61642054 0 79207265 0 656d6f72 0 2b2b2b4d 0 2b2b2b2b 0 3a3a2b2b 0 6f64656c 0 76655f6d 0 5f736c61 0 5f617869 0 7462 
_C_755e_57885dc9_2 8c 0 60 0 0 2e766364 0 636f7265 0 6d61635f 
_C_59bf_579a7dcf_1 8c 0 230 0 0 3d3d3d3d 0 3d3d3d3d 0 30683d3d 0 645d3a25 0 464f5b25 0 6f204649 0 20696e74 0 73686564 0 52207075 0 3d414444 0 3d3d3d3d 0 3d3d3d3d 0 3a3a3d3d 0 6f64656c 0 76655f6d 0 5f736c61 0 5f617869 0 7462 
_C_7eb8_575754a2_2 8c 0 28 0 0 3a253068 0 3a 
_C_727a_57620b25_1 8c 0 1e8 0 0 2d3d2d3d 0 2d3d2d3d 0 2d3d2d3d 0 2d3d2d3d 0 2d3d2d3d 0 2d3d2d3d 0 2d3d2d3d 0 2d3d2d3d 0 4b542d3d 0 41572050 0 3d2d3d52 0 3d2d3d2d 0 3d2d3d2d 0 3d2d3d2d 0 3d2d3d2d 0 2d 
_C_4959_578aaee6_1 8c 0 70 0 0 743a2568 0 795f6e78 0 72656164 0 6177 
_C_37e9_57590455_1 8c 0 38 0 0 3a253064 0 72656d 
_C_7582_5757511a_2 8c 0 18 0 0 44413a 
_C_5e0f_5761fe47_2 8c 0 148 0 0 30363468 0 643a2025 0 746f7265 0 74615f73 0 3a206461 0 3468203a 0 20253036 0 696f6e3a 0 6f636174 0 656d5f6c 0 6d 
_C_727a_57620b25_4 8c 0 1f0 0 0 2d3d2d3d 0 2d3d2d3d 0 2d3d2d3d 0 2d3d2d3d 0 2d3d2d3d 0 2d3d2d3d 0 2d3d2d3d 0 2d3d2d3d 0 2d3d2d3d 0 2d3d2d3d 0 2d3d2d3d 0 2d3d2d3d 0 2d3d2d3d 0 2d3d2d3d 0 2d3d2d3d 0 2d3d 
_C_44a2_579ba45b_2 8c 0 248 0 0 3d3d3d3d 0 3d3d3d3d 0 3d3d3d3d 0 3a25683d 0 74696f6e 0 6c6f6361 0 64204020 0 66726565 0 6f727920 0 3d4d656d 0 3d3d3d3d 0 3d3d3d3d 0 6c3a3a3d 0 6d6f6465 0 6176655f 0 695f736c 0 625f6178 0 30742074 0 25 
_C_5116_579d1bc9_1 8c 0 70 0 0 2e747874 0 64617461 0 69666f5f 0 7066 
_C_688b_57577031_1 8c 0 58 0 0 3a253068 0 5f706b74 0 726177 
_C_59bf_579a7dcf_5 8c 0 248 0 0 2b2b2b2b 0 2b2b2b2b 0 682b2b2b 0 6f6e3a25 0 63617469 0 40206c6f 0 69747320 0 74206578 0 73206e6f 0 20646f65 0 44617461 0 2b2b2b2b 0 2b2b2b2b 0 6c3a3a2b 0 6d6f6465 0 6176655f 0 695f736c 0 625f6178 0 74 
_C_59bf_579a7dcf_3 8c 0 228 0 0 3d3d3d3d 0 3d3d3d3d 0 3d3d3d3d 0 3a25683d 0 74696f6e 0 6c6f6361 0 64204020 0 66726565 0 6f727920 0 3d4d656d 0 3d3d3d3d 0 3d3d3d3d 0 6c3a3a3d 0 6d6f6465 0 6176655f 0 695f736c 0 625f6178 0 74 
_C_72e9_579c1942_1 8c 0 108 0 0 613a2568 0 77646174 0 6178695f 0 3a256820 0 61646472 0 78695f77 0 423a3a61 0 54485f54 0 45 
_C_56d9_5797f3bb_1 8c 0 e8 0 0 3a253068 0 5b25645d 0 4649464f 0 6e746f20 0 65642069 0 70757368 0 44445220 0 41 
_C_7e28_57633ab9_2 8c 0 138 0 0 30333268 0 74613a25 0 6c5f6461 0 20437472 0 30333268 0 74723a25 0 61645f70 0 72206865 0 6b5f6864 0 6c696e 
_C_405b_579ba3a0_1 8c 0 248 0 0 3d3d3d3d 0 3d3d3d3d 0 30683d3d 0 645d3a25 0 464f5b25 0 6f204649 0 20696e74 0 73686564 0 52207075 0 3d414444 0 3d3d3d3d 0 3d3d3d3d 0 3a3a3d3d 0 6f64656c 0 76655f6d 0 5f736c61 0 5f617869 0 74207462 0 25 
_C_37fb_579be52b_1 8c 0 68 0 0 2530680a 0 30685d3d 0 656d5b25 0 6d 
_C_7eb8_575754a2_3 8c 0 30 0 0 3a253068 0 5341 
_C_39eb_57590516_1 8c 0 40 0 0 3a253068 0 a435243 
_C_688b_57577031_3 84 0 2ef8 0 0 0 0 0 0 0 0 0 0 0 0 0 0 0 0 0 0 0 0 0 0 0 0 0 0 0 0 0 0 0 0 0 0 0 0 0 0 0 0 0 0 0 0 0 0 0 0 0 0 0 0 0 0 0 0 0 0 0 0 0 0 0 0 0 0 0 0 0 0 0 0 0 0 0 0 0 0 0 0 0 0 0 0 0 0 0 0 0 0 0 0 0 0 0 0 0 0 0 0 0 0 0 0 0 0 0 0 0 0 0 0 0 0 0 0 0 0 0 0 0 0 0 0 0 0 0 0 0 0 0 0 0 0 0 0 0 0 0 0 0 0 0 0 0 0 0 0 0 0 0 0 0 0 0 0 0 0 0 0 0 0 0 0 0 0 0 0 0 0 0 0 0 0 0 0 0 0 0 0 0 0 0 0 0 0 0 0 0 0 0 0 0 0 0 0 0 0 0 0 0 0 0 0 0 0 0 0 0 0 0 0 0 0 0 0 0 0 0 0 0 0 0 0 0 0 0 0 0 0 0 0 0 0 0 0 0 0 0 0 0 0 0 0 0 0 0 0 0 0 0 0 0 0 0 0 0 0 0 0 0 0 0 0 0 0 0 0 0 0 0 0 0 0 0 0 0 0 0 0 0 0 0 0 0 0 0 0 0 0 0 0 0 0 0 0 0 0 0 0 0 0 0 0 0 0 0 0 0 0 0 0 0 0 0 0 0 0 0 0 0 0 0 0 0 0 0 0 0 0 0 0 0 0 0 0 0 0 0 0 0 0 0 0 0 0 0 0 0 0 0 0 0 0 0 0 0 0 0 0 0 0 0 0 0 0 0 0 0 0 0 0 0 0 0 0 0 0 0 0 0 0 0 0 0 0 0 0 0 0 0 0 0 0 0 0 0 0 0 0 0 0 0 0 0 0 0 0 0 0 0 0 0 0 0 0 0 0 0 0 0 0 0 0 0 0 0 0 0 0 0 0 0 0 0 0 0 0 0 0 0 0 0 0 0 0 0 0 0 0 0 0 0 0 0 0 0 0 0 0 0 0 0 0 0 0 0 0 0 0 0 0 0 0 0 0 0 0 0 0 0 0 0 0 0 0 0 0 0 0 0 0 0 0 0 0 0 0 0 0 0 0 0 0 0 0 0 0 0 0 0 0 0 0 0 0 0 0 0 0 0 0 0 0 0 0 0 0 0 0 0 0 0 0 0 0 0 0 0 0 0 0 0 0 0 0 0 0 0 0 0 0 0 0 0 0 0 0 0 0 0 0 0 0 0 0 0 0 0 0 0 0 0 0 0 0 0 0 0 0 0 0 0 0 0 0 0 0 0 0 0 0 0 0 0 0 0 0 0 0 0 0 0 0 0 0 0 0 0 0 0 0 0 0 0 0 0 0 0 0 0 0 0 0 0 0 0 0 0 0 0 0 0 0 0 0 0 0 0 0 0 0 0 0 0 0 0 0 0 0 0 0 0 0 0 0 0 0 0 0 0 0 0 0 0 0 0 0 0 0 0 0 0 0 0 0 0 0 0 0 0 0 0 0 0 0 0 0 0 0 0 0 0 0 0 0 0 0 0 0 0 0 0 0 0 0 0 0 0 0 0 0 0 0 0 0 0 0 0 0 0 0 0 0 0 0 0 0 0 0 0 0 0 0 0 0 0 0 0 0 0 0 0 0 0 0 0 0 0 0 0 0 0 
_C_6d3c_57620956_2 8c 0 110 0 0 30333268 0 6e3a2025 0 6174696f 0 206c6f63 0 206d656d 0 65642040 0 73746f72 0 36346820 0 2530 
_C_721_57633e93_3 8c 0 220 0 0 2d3d2d3d 0 2d3d2d3d 0 2d3d2d3d 0 2d3d2d3d 0 2d3d2d3d 0 2d3d2d3d 0 2d3d2d3d 0 2d3d2d3d 0 2d3d2d3d 0 2d3d2d3d 0 2d3d2d3d 0 2d3d2d3d 0 2d3d2d3d 0 2d3d2d3d 0 2d3d2d3d 0 2d3d2d3d 0 2d3d2d3d 
_C_56d9_5797f3bb_2 84 0 4 0 0 0 
_C_52af_579a7b45_3 8c 0 150 0 0 2b2b2b2b 0 2b2b2b2b 0 672b2b2b 0 726e696e 0 42207761 0 61642054 0 79207265 0 656d6f72 0 2b2b2b4d 0 2b2b2b2b 0 2b2b 
_C_581f_57897a33_1 84 0 4 0 0 3 
_C_641_578ad597_1 84 0 2 0 0 0 
_C_56d9_5797f3bb_5 84 0 2 0 0 1 
_C_538f_578ab3c4_2 8c 0 d0 0 0 743a2568 0 795f6e78 0 72656164 0 20206177 0 70616c79 0 20646973 0 2574 
_C_5067_578850dc_2 84 0 3 0 0 0 
_C_7e28_57633ab9_1 8c 0 1f0 0 0 2d3d2d3d 0 2d3d2d3d 0 2d3d2d3d 0 2d3d2d3d 0 2d3d2d3d 0 3d3d2d3d 0 3d2d3d2d 0 3d2d3d2d 0 4844522d 0 494e4b20 0 2d3d2d4c 0 2d3d2d3d 0 2d3d2d3d 0 2d3d2d3d 0 2d3d2d3d 0 2d3d 
_C_e8f_579d514a_1 84 0 8 0 0 0 
_C_6d3c_57620956_1 8c 0 178 0 0 30333268 0 72203a25 0 20616464 0 65642040 0 63757069 0 6d206f63 0 21206d65 0 20212121 0 726f6e67 0 6e672057 0 65746869 0 536f6d 
_C_405b_579ba3a0_2 8c 0 240 0 0 3d3d3d3d 0 3d3d3d3d 0 3d3d3d3d 0 3a25683d 0 74696f6e 0 6c6f6361 0 64204020 0 66726565 0 6f727920 0 3d4d656d 0 3d3d3d3d 0 3d3d3d3d 0 6c3a3a3d 0 6d6f6465 0 6176655f 0 695f736c 0 625f6178 0 25742074 
_C_6f97_57620a38_1 8c 0 118 0 0 2d2d2d2d 0 2d2d2d2d 0 2d2d2d2d 0 2d2d2d2d 0 2d2d2d2d 0 2d2d2d2d 0 2d2d2d2d 0 2d2d2d2d 0 2d2d2d 
_C_7e01_575891f7_1 8c 0 170 0 0 3d2d3d2d 0 3d2d3d2d 0 3d2d3d2d 0 3d2d3d2d 0 612d3d2d 0 20446174 0 204d454d 0 636b6564 0 2d3d5061 0 2d3d2d3d 0 2d3d2d3d 0 2d3d 
_C_59bf_579a7dcf_4 8c 0 1f0 0 0 2b2b2b2b 0 2b2b2b2b 0 672b2b2b 0 726e696e 0 42207761 0 61642054 0 79207265 0 656d6f72 0 2b2b2b4d 0 2b2b2b2b 0 3a3a2b2b 0 6f64656c 0 76655f6d 0 5f736c61 0 5f617869 0 7462 
_C_5067_578850dc_3 94 0 21 0 0 20 0 0 
_C_52af_579a7b45_2 8c 0 188 0 0 3d3d3d3d 0 3d3d3d3d 0 3d3d3d3d 0 3a25683d 0 74696f6e 0 6c6f6361 0 64204020 0 66726565 0 6f727920 0 3d4d656d 0 3d3d3d3d 0 3d3d3d3d 0 3d 
_C_44a2_579ba45b_1 8c 0 250 0 0 3d3d3d3d 0 3d3d3d3d 0 30683d3d 0 645d3a25 0 464f5b25 0 6f204649 0 20696e74 0 73686564 0 52207075 0 3d414444 0 3d3d3d3d 0 3d3d3d3d 0 3a3a3d3d 0 6f64656c 0 76655f6d 0 5f736c61 0 5f617869 0 74207462 0 2530 
_C_264_5798162e_1 8c 0 170 0 0 3a253068 0 5b25645d 0 4649464f 0 6e746f20 0 65642069 0 70757368 0 44445220 0 6c3a3a41 0 6d6f6465 0 6176655f 0 695f736c 0 6178 
_C_56d9_5797f3bb_4 84 0 1c 0 0 0 
_C_52af_579a7b45_1 8c 0 198 0 0 3d3d3d3d 0 25683d3d 0 696f6e3a 0 6f636174 0 2040206c 0 78697473 0 6f742065 0 6573206e 0 6120646f 0 3d446174 0 3d3d3d3d 0 3d3d3d3d 0 3d3d3d 
_C_7fc8_57633af6_1 84 0 18 0 0 0 
_C_721_57633e93_1 8c 0 218 0 0 2d3d2d3d 0 2d3d2d3d 0 2d3d2d3d 0 2d3d2d3d 0 2d3d2d3d 0 2d3d2d3d 0 2d3d2d3d 0 2d3d2d3d 0 57414c4b 0 494e4b20 0 3d2d3d4c 0 3d2d3d2d 0 3d2d3d2d 0 3d2d3d2d 0 3d2d3d2d 0 3d2d3d2d 0 2d3d2d 
_C_251_57575512_2 8c 0 28 0 0 4352433a 0 a 
_C_7582_5757511a_3 8c 0 20 0 0 4352433a 
_C_6c35_57885c67_1 84 0 20 0 0 0 
_C_279b_579ac061_1 84 0 20 0 ffffffff ffffffff 
_C_5067_578850dc_5 84 0 21 0 0 0 0 0 
_C_755e_57885dc9_1 84 0 20 0 0 1 
_C_77a0_5789a2a3_1 84 0 23 0 0 0 0 0 
_C_7eb8_575754a2_5 8c 0 18 0 0 253068 
_C_5793_5761fbad_3 8c 0 128 0 0 20253068 0 7265643a 0 5f73746f 0 64617461 0 203a3a20 0 20253068 0 696f6e3a 0 6f636174 0 656d5f6c 0 6d 
_C_7e28_57633ab9_3 94 0 38 0 0 0 0 0 
_C_44e8_578b0c00_1 8c 0 a8 0 0 613a2568 0 20646174 0 6f706564 0 74612070 0 74206461 0 25 
_C_7713_57885e1e_1 84 0 20 0 0 a 
_C_67ed_57885ad6_1 94 0 24 0 0 0 0 0 
_C_5067_578850dc_9 94 0 20 0 0 4 
_C_727a_57620b25_2 8c 0 1e8 0 0 3d2d3d2d 0 3d2d3d2d 0 3d2d3d2d 0 3d2d3d2d 0 3d2d3d2d 0 3d2d3d2d 0 3d2d3d2d 0 3d2d3d2d 0 3d2d3d2d 0 3d2d3d2d 0 3d2d3d2d 0 3d2d3d2d 0 3d2d3d2d 0 3d2d3d2d 0 3d2d3d2d 0 2d 
_C_5067_578850dc_a 94 0 20 0 0 5 
_C_5067_578850dc_b 94 0 20 0 0 6 
_C_5067_578850dc_c 94 0 20 0 0 7 
_C_688b_57577031_2 94 0 20 0 0 0 
_C_5067_578850dc_1 94 0 21 0 0 1 0 0 
_C_5067_578850dc_4 94 0 21 0 0 0 0 0 
_C_5067_578850dc_6 94 0 20 0 0 1 
_C_5067_578850dc_7 94 0 20 0 0 2 
_C_6359_5788579e_1 94 0 23 0 0 0 0 0 
_C_5cb7_57588b0d_1 8c 0 60 0 0 3a253064 0 73697a65 0 6e65745f 
_C_5067_578850dc_8 94 0 20 0 0 3 
_C_39d9_579be555_1 8c 0 58 0 0 3d25680a 0 5b25685d 0 6d656d 
_C_56d9_5797f3bb_3 94 0 24 0 0 8 0 0 
_C_5067_578850dc_11 94 0 20 0 0 c 
_C_5067_578850dc_12 94 0 20 0 0 d 
_C_5067_578850dc_13 94 0 20 0 0 e 
_C_52af_579a7b45_4 8c 0 1a8 0 0 2b2b2b2b 0 2b2b2b2b 0 682b2b2b 0 6f6e3a25 0 63617469 0 40206c6f 0 69747320 0 74206578 0 73206e6f 0 20646f65 0 44617461 0 2b2b2b2b 0 2b2b2b2b 0 2b 
_C_5067_578850dc_14 94 0 20 0 0 f 
_C_5067_578850dc_d 94 0 20 0 0 8 
_C_477a_578aae65_1 8c 0 50 0 0 793a2568 0 72656164 0 6177 
_C_1572_57577d9d_1 84 0 39 0 0 0 0 0 
_C_5067_578850dc_e 94 0 20 0 0 9 
_C_7eb8_575754a2_6 8c 0 8 0 0 3a 
_C_5067_578850dc_f 94 0 20 0 0 a 
_C_7e01_575891f7_2 8c 0 178 0 0 3d2d3d2d 0 3d2d3d2d 0 3d2d3d2d 0 3d2d3d2d 0 3d2d3d2d 0 3d2d3d2d 0 3d2d3d2d 0 3d2d3d2d 0 3d2d3d2d 0 3d2d3d2d 0 3d2d3d2d 0 2d3d2d 
_C_5067_578850dc_10 94 0 20 0 0 b 
